Bars=52
0.000000
5.142852
10.285704
15.428556
20.571408
25.714260
30.857112
35.999964
41.142816
46.285668
51.428520
56.571372
61.714224
66.857076
71.999928
77.142780
82.285632
87.428484
92.571336
97.714188
102.857040
107.999892
113.142744
118.285596
123.428448
128.571300
133.714152
138.857004
143.999856
149.142708
154.285560
159.428412
164.571264
169.714116
174.856968
179.999820
185.142672
190.285524
195.428376
200.571228
205.714080
210.856932
215.999784
221.142636
226.285488
231.428340
236.571192
241.714044
246.856896
251.999748
257.142600
262.285452
0.206860
0.390921
0.522346
0.309166
0.497303
0.319761
0.467458
0.447255
0.382513
0.459100
1.257709
0.391252
0.497441
0.447085
0.510411
0.614532
0.879943
0.784605
0.345134
0.267694
0.451507
0.381812
0.304043
0.346849
0.479356
0.307909
0.244163
0.799005
0.898542
0.383333
0.457841
0.735350
0.662593
0.736171
0.783554
0.372966
0.334526
0.459489
0.067169
0.491394
0.312501
0.637110
0.326832
0.780015
0.381257
1.296435
0.797821
0.637732
0.000000
0.543108
0.776991
0.749992
2.523924
3.065466
2.563471
2.536890
2.406044
2.982263
2.572534
2.964836
3.246783
3.679292
2.517441
3.183650
2.824398
2.303787
2.835446
2.624212
2.167825
1.889807
1.801889
3.018651
2.271735
2.255250
2.237145
2.713454
2.547145
2.908106
2.724320
2.402582
2.570596
1.926048
1.625418
2.403964
2.312813
1.856855
1.958528
2.665413
2.365692
2.019255
2.562298
2.310617
2.840811
2.029098
2.441515
3.491603
3.047850
2.356092
2.600461
2.597043
0.000000
1.728478
2.383147
1.988071
0.000000
0.259063
0.358062
0.533604
0.462181
0.528854
0.292750
0.679593
0.319978
0.143846
0.983348
0.963412
0.199117
0.334807
0.214139
0.293635
0.332885
0.362492
0.644588
0.252482
0.459831
0.266061
0.457930
0.220217
0.552246
0.250923
0.154939
0.744496
0.324832
0.684013
0.159020
0.500870
0.513259
0.570281
0.245912
0.655015
0.573158
0.153933
0.468640
0.448814
0.435356
0.388761
0.644883
0.980318
0.753927
1.317393
0.537360
0.358053
0.267336
0.158306
0.348443
0.227966
